###################################################################################################
numero_iteracoes =  400
temperatura =  40
fator_resfriamento =  0.99 

###################################################################################################
Arquivo 1
Inicial =  [4017, [[4, 8, 9, 18], [1, 22, 32, 33], [2, 5, 12, 15, 39, 40], [13, 27, 28], [7, 16, 17, 41, 42], [19, 23, 29, 43], [21, 35, 38], [6, 26, 34], [3, 11, 24, 44], [14, 30, 36]]]

Resultado Final = [6329, [[1, 12, 14, 24, 29], [27, 32, 34], [2, 5, 23, 33, 40, 43], [0, 11], [4, 9, 16, 17, 21], [10, 15, 22, 26], [3, 13, 30, 41], [6, 31], [7, 18, 28, 39, 44], [20, 35, 38]]] 

Tempo de execucao =  4.745295286178589 s



###################################################################################################
Arquivo 2
Inicial =  [3224, [[2, 4, 8, 18, 35, 37], [1, 9, 30, 41, 44, 48], [0, 15, 16, 45], [3, 5, 21, 24, 29, 49], [14, 25, 27, 33, 40], [19, 31, 36, 47], [10, 11, 20], [22, 23, 26], [28, 42], [7, 17, 38]]]

Resultado Final = [5158, [[0, 14, 20, 29, 35, 36], [7, 8, 13, 44], [9, 34, 40, 45], [6, 18, 41], [1, 19, 30, 31, 33, 46], [5, 16, 17, 48], [24, 28, 37], [4, 10, 25, 27, 49], [23, 26, 42], [2, 3, 11, 21, 32]]] 

Tempo de execucao =  5.46599268913269 s



###################################################################################################
Arquivo 3
Inicial =  [3657, [[4, 7, 8, 29, 37, 41], [9, 11, 40, 48], [15, 16, 20, 21, 43], [1, 19, 24], [0, 5, 18, 26, 35, 46], [17, 31, 34, 47], [13, 33, 36, 42], [27, 28, 38], [2, 10, 25, 44], [23, 30]]]

Resultado Final = [6724, [[0, 7, 24, 37, 46], [11, 30, 33, 40], [1, 9, 21, 49], [14, 15, 34], [5, 18, 26, 29, 39, 42, 48], [4, 6, 10, 25, 31, 41, 47], [17, 38, 43], [19, 20, 27, 32], [13, 36, 44], [2, 8, 16]]] 

Tempo de execucao =  5.561213970184326 s



###################################################################################################
Arquivo 4
Inicial =  [4771, [[4, 8, 9, 37], [7, 15, 39, 46], [0, 14, 20, 40], [2, 11, 19, 23, 29], [25, 34, 38, 48], [21, 32, 36, 47], [27, 31, 41, 44, 49], [1, 13, 17, 24, 28], [3, 6, 35], [10, 18, 22]]]

Resultado Final = [7254, [[4, 16, 27, 40, 46], [10, 17, 22], [8, 13, 23], [11, 18, 29, 32, 43, 49], [12, 15, 34, 38, 48], [24, 33, 36, 45, 47], [21, 31, 41, 44], [1, 6, 35, 39], [0, 7, 9, 26], [5, 14, 19, 28]]] 

Tempo de execucao =  5.433012962341309 s



###################################################################################################
Arquivo 5
Inicial =  [3476, [[4, 8, 36, 37, 50, 53], [23, 35, 51, 52, 54], [17, 21, 25, 28, 31, 39, 45], [0, 1, 15, 20, 41], [2, 3, 5, 12, 14], [9, 10, 26, 27, 30], [13, 38, 42], [16, 40, 43, 49], [7, 22, 24, 46], [11, 18, 33]]]

Resultado Final = [6186, [[3, 4, 30, 35, 36], [10, 11, 28, 46, 51, 53], [17, 21, 27, 31, 32, 39, 43], [7, 20, 33, 37, 52], [5, 8, 15, 40, 41, 45], [19, 24, 38], [13, 26, 44], [16, 34, 48], [1, 23, 50], [0, 6, 9, 14, 49]]] 

Tempo de execucao =  6.283610105514526 s



###################################################################################################
Arquivo 6
Inicial =  [4739, [[4, 8, 9, 16, 35, 37, 50, 52, 53], [7, 15, 24, 25, 32, 39], [0, 23, 30, 34, 38, 45], [5, 10, 27], [19, 21, 28, 29, 49], [20, 42, 46, 51], [12, 43, 48], [17, 22, 26, 36], [2, 6, 31, 44], [3, 18, 33]]]

Resultado Final = [7576, [[8, 35, 37, 46, 50, 51, 52, 53], [2, 7, 27, 28, 33, 39], [0, 23, 34, 49, 54], [11, 13, 16, 17], [31, 32, 44], [9, 26, 48], [4, 22, 24, 42], [5, 10, 15, 19, 30], [6, 20, 25, 40], [1, 29, 38, 43, 47]]] 

Tempo de execucao =  6.333971738815308 s



###################################################################################################
Arquivo 7
Inicial =  [6542, [[8, 35, 37, 38, 40, 50], [13, 22, 29, 48, 53, 54], [10, 24, 25, 28, 41, 47], [2, 5, 19, 23, 44, 45, 51], [6, 9, 16, 18, 43], [15, 20, 34, 42, 49], [11, 32, 46], [4, 27, 33], [12, 26, 39], [17, 21, 30]]]

Resultado Final = [8459, [[12, 16, 17, 38, 40, 42, 50], [9, 13, 21, 29, 32, 48], [10, 15, 24, 35, 37, 41, 47], [2, 5, 19, 23, 44, 45, 51], [7, 31, 46], [20, 26, 27, 53], [14, 22, 33], [6, 25, 30, 34, 54], [0, 3, 49], [1, 4, 11, 43]]] 

Tempo de execucao =  6.361488103866577 s



###################################################################################################
Arquivo 8
Inicial =  [3467, [[5, 8, 37, 50, 53, 56, 57], [14, 21, 22, 34, 46], [10, 25, 29, 40, 43, 47], [4, 15, 16, 24, 30], [0, 1, 23, 51, 55], [7, 12, 13, 31, 38, 44], [11, 19, 41, 58], [3, 9, 39, 42], [6, 18, 26, 32], [17, 20, 27, 45, 59]]]

Resultado Final = [7311, [[4, 5, 29, 36, 41, 57], [16, 17, 38, 50], [7, 10, 23, 34, 40, 43], [1, 13, 31, 42, 46], [8, 14, 24, 25, 51, 52, 58], [0, 11, 28, 37, 45], [6, 9, 32, 56, 59], [12, 21, 22, 44, 49], [19, 20, 27], [26, 33, 35, 53, 55]]] 

Tempo de execucao =  6.906601428985596 s



###################################################################################################
Arquivo 9
Inicial =  [5552, [[1, 8, 37, 50, 53, 56], [14, 22, 29, 34, 46, 51], [10, 17, 28, 32, 40, 43], [5, 12, 15, 24, 30], [2, 16, 23, 45, 52, 57], [6, 13, 31, 39], [7, 33, 48], [11, 20, 25, 44, 49, 55, 59], [27, 41, 54, 58], [0, 3, 21]]]

Resultado Final = [8544, [[0, 8, 12, 16, 36, 41, 55], [9, 11, 30, 34, 37, 46, 51], [5, 17, 32, 40, 43, 45, 49, 54], [24, 39, 58, 59], [20, 23, 27, 29, 31, 38, 52], [4, 21, 25, 47], [13, 26, 42, 53], [1, 2, 28, 44, 48], [6, 10, 50], [14, 33, 35]]] 

Tempo de execucao =  7.0444958209991455 s



###################################################################################################
Arquivo 10
Inicial =  [6177, [[8, 37, 56], [13, 29, 32, 33, 36, 45, 57], [9, 16, 39, 42, 51, 55], [4, 14, 15, 22, 24, 27], [23, 31, 34, 46, 58], [7, 35, 41, 54, 59], [1, 3, 10, 38, 48], [11, 12, 26, 28], [5, 17, 47, 49], [21, 52, 53]]]

Resultado Final = [9884, [[0, 18, 37, 42, 48, 49], [7, 14, 32, 36, 47, 57], [8, 10, 11, 16, 25, 51], [3, 4, 22, 24, 27, 54], [13, 20, 34, 56], [21, 35, 44, 50, 59], [12, 23, 29, 38, 46, 58], [1, 9, 15, 43, 53], [17, 28, 31, 41], [6, 30, 33, 40, 55]]] 

Tempo de execucao =  6.887784004211426 s