inicial = [4017, [[4, 8, 9, 18], [1, 22, 32, 33], [2, 5, 12, 15, 39, 40], [13, 27, 28], [7, 16, 17, 41, 42], [19, 23, 29, 43], [21, 35, 38], [6, 26, 34], [3, 11, 24, 44], [14, 30, 36]]]



numero_iteracoes =  100
temperatura =  100
fator_resfriamento =  0.9
final = [6392, [[4, 7, 11], [23, 30, 32, 41], [2, 5, 10, 15, 17, 22, 40], [13, 16, 27], [6, 31], [1, 21, 38, 44], [0, 3, 29], [14, 18, 28, 34, 39], [26, 33, 43], [9, 12, 20, 24, 35]]]
[Done] exited with code=0 in 0.221 seconds



numero_iteracoes =  1000
temperatura =  100
fator_resfriamento =  0.9
final = [6564, [[3, 9, 29, 30, 41], [1, 19, 20], [2, 5, 14, 15, 17, 18, 22, 35, 43], [23, 24, 32, 38], [4, 36, 40], [0, 11, 12], [21, 27], [26, 39], [6, 31], [7, 13, 16, 28, 34, 44]]]
[Done] exited with code=0 in 1.542 seconds



numero_iteracoes =  1000
temperatura =  1000
fator_resfriamento =  0.9
final = [6480, [[16, 23, 32, 34, 38], [3, 26, 29, 43], [0, 11], [21, 27], [19, 39], [31, 33], [7, 14, 18, 28, 35, 40, 41], [1, 2, 12, 15, 24, 30, 44], [4, 5, 9, 17, 22, 36], [6, 13]]]
[Done] exited with code=0 in 2.314 seconds



numero_iteracoes =  1000
temperatura =  1000
fator_resfriamento =  0.95
final = [6738, [[21, 27], [19, 20, 23], [3, 4, 9, 18, 24, 30], [31, 32], [5, 14, 17, 28, 35, 40, 41, 43], [6, 13], [2, 12, 15, 22, 29, 34, 44], [0, 7, 11], [1, 16, 38, 39], [10, 26]]]
[Done] exited with code=0 in 4.602 seconds



numero_iteracoes =  2000
temperatura =  1000
fator_resfriamento =  0.95
final = [6818, [[19, 20], [3, 12, 29, 30, 34, 40], [26, 39], [4, 14, 15, 16, 32], [7, 18, 22, 23, 28, 35, 41, 44], [0, 11], [1, 21, 38, 43], [13, 27], [6, 9, 31], [2, 5, 17, 24, 37]]]
[Done] exited with code=0 in 9.075 seconds



numero_iteracoes =  2000
temperatura =  1000
fator_resfriamento =  0.99
final = [7181, [[5, 7, 12, 15, 16, 17, 18, 24, 34, 35, 40], [4, 36], [6, 10], [0, 11], [1, 19, 39], [21, 27], [2, 3, 9, 22, 29, 30], [31, 32], [13, 23, 38, 41], [14, 26, 28, 43, 44]]]
[Done] exited with code=0 in 45.999 seconds



numero_iteracoes =  3000
temperatura =  1000
fator_resfriamento =  0.99
final = [7331, [[0, 8], [13, 38, 41], [21, 27], [1, 2, 12, 15, 16, 22, 30, 34, 40], [3, 5, 14, 17, 18, 24, 28, 43, 44], [6, 10], [31, 33], [11, 32], [4, 7, 9, 26, 35], [19, 20, 23]]]
[Done] exited with code=0 in 68.512 seconds



#########################PIOROU#########################
numero_iteracoes =  3000
temperatura =  1000
fator_resfriamento =  0.995
final = [7228, [[1, 2, 12, 17, 30, 34, 40, 44], [5, 7, 15, 16, 18, 24, 28, 35, 43], [26, 39], [19, 20], [9, 22, 31, 32], [3, 4, 14, 23, 29], [13, 38, 41], [6, 10], [0, 11], [21, 27]]]
[Done] exited with code=0 in 137.66 seconds



numero_iteracoes =  3000
temperatura =  2000
fator_resfriamento =  0.99
final = [7420, [[3, 7, 15, 18, 22, 23, 28, 34, 35, 44], [0, 11], [10, 32, 40], [19, 20], [26, 39], [21, 27], [2, 5, 9, 12, 14, 16, 17, 24, 43], [6, 31], [1, 4, 38, 41], [13, 29, 30]]]
[Done] exited with code=0 in 77.227 seconds



#########################PIOROU#########################
numero_iteracoes =  4000
temperatura =  2000
fator_resfriamento =  0.99
final = [7119, [[4, 23, 38, 41], [19, 39], [13, 29, 30], [6, 10], [5, 14, 16, 17, 26, 28, 43], [0, 11], [21, 27], [2, 3, 9, 22, 40, 42], [31, 32], [1, 7, 12, 15, 18, 24, 34, 35, 44]]]
[Done] exited with code=0 in 101.314 seconds



#########################PIOROU#########################
numero_iteracoes =  3000
temperatura =  3000
fator_resfriamento =  0.99
final = [7392, [[3, 4, 5, 7, 9, 18, 22, 28, 43], [10, 32], [0, 21], [19, 20, 23], [13, 16, 30, 41], [11, 12, 26], [1, 2, 14, 15, 17, 24, 34, 40, 44], [6, 39], [27, 35, 38], [31, 33]]]
[Done] exited with code=0 in 77.519 seconds



numero_iteracoes =  2000
temperatura =  2000
fator_resfriamento =  0.999
final = [7488, [[19, 39], [21, 27], [5, 9, 15, 16, 17, 18, 22, 28, 34, 35, 44], [2, 12, 24, 37], [10, 32, 40], [6, 31], [3, 23, 30, 38, 41], [26, 33, 43], [1, 4, 7, 13, 14], [0, 11]]]
[Done] exited with code=0 in 515.368 seconds



numero_iteracoes =  3000
temperatura =  2000
fator_resfriamento =  0.999
final = [7660, [[2, 5, 9, 12, 15, 16, 17, 22, 24, 34, 44], [21, 27], [0, 7, 11], [10, 32], [20, 23, 38, 43], [26, 39], [31, 33], [6, 19], [1, 13, 14, 28, 41], [3, 4, 18, 30, 35, 40]]]
[Done] exited with code=0 in 778.925 seconds



numero_iteracoes =  3000
temperatura =  3000
fator_resfriamento =  0.999
final = [7692, [[19, 20, 23], [31, 32], [1, 35, 38, 41, 43], [21, 27], [26, 39], [0, 11], [5, 7, 12, 15, 17, 18, 22, 24, 28, 34, 40, 44], [4, 9, 13, 14, 16], [6, 10], [2, 3, 29, 30]]]
[Done] exited with code=0 in 815.668 seconds



numero_iteracoes =  3000
temperatura =  3000
fator_resfriamento =  0.9995
final = [7856, [[13, 16, 30, 41], [0, 11], [21, 27], [19, 20], [26, 33, 43], [1, 3, 38, 39], [31, 32], [2, 5, 9, 12, 15, 17, 18, 22, 23, 24, 34, 40], [6, 10], [4, 7, 14, 28, 35, 44]]]
[Done] exited with code=0 in 1738.542 seconds




numero_iteracoes =  4000
temperatura =  4000
fator_resfriamento =  0.9999
final = [7920, [[2, 14, 33, 43], [6, 13], [19, 20], [31, 32], [5, 7, 9, 15, 16, 17, 18, 22, 23, 28, 34, 35, 40], [0, 11], [1, 24, 30, 38, 41], [21, 27], [26, 39], [3, 4, 12, 29, 44]]]
[Done] exited with code=0 in 11317.907 seconds


