###################################################################################################
Para todos os arquivos, foram utilizados os seguintes parâmetros:
numero_iteracoes =  4000
temperatura =  4000
fator_resfriamento =  0.9999



###################################################################################################
Arquivo 6:
Solução Inicial =  [4739, [[4, 8, 9, 16, 35, 37, 50, 52, 53], [7, 15, 24, 25, 32, 39], [0, 23, 30, 34, 38, 45], [5, 10, 27], [19, 21, 28, 29, 49], [20, 42, 46, 51], [12, 43, 48], [17, 22, 26, 36], [2, 6, 31, 44], [3, 18, 33]]]

Solução Final = [8807, [[5, 10, 15, 19, 20], [11, 28, 47], [2, 6, 25, 31], [16, 23, 29, 30, 37, 38, 49, 54], [0, 4, 7, 8, 17, 39, 43, 50, 52, 53], [12, 21, 34], [14, 24, 46], [9, 26, 45, 51], [18, 22, 33, 40], [1, 13, 35, 44]]] 
[Done] exited with code=0 in 14291.489 seconds



###################################################################################################
Arquivo 7
Solução Inicial =  [6542, [[8, 35, 37, 38, 40, 50], [13, 22, 29, 48, 53, 54], [10, 24, 25, 28, 41, 47], [2, 5, 19, 23, 44, 45, 51], [6, 9, 16, 18, 43], [15, 20, 34, 42, 49], [11, 32, 46], [4, 27, 33], [12, 26, 39], [17, 21, 30]]]

Solução Final = [10456, [[21, 37, 39], [3, 7, 22], [9, 27, 32], [5, 10, 12, 13, 20, 24, 25, 29, 38, 40, 41, 44, 51], [4, 11, 15, 30, 35, 50], [0, 6, 16, 34, 47, 48], [23, 26, 49, 53], [2, 14, 19, 43, 45], [31, 46, 54], [1, 17, 42]]]
[Done] exited with code=0 in 13986.583 seconds



###################################################################################################
Arquivo 8
Solução Inicial =  [3467, [[5, 8, 37, 50, 53, 56, 57], [14, 21, 22, 34, 46], [10, 25, 29, 40, 43, 47], [4, 15, 16, 24, 30], [0, 1, 23, 51, 55], [7, 12, 13, 31, 38, 44], [11, 19, 41, 58], [3, 9, 39, 42], [6, 18, 26, 32], [17, 20, 27, 45, 59]]]

Solução Final = [8017, [[4, 12, 17, 22, 46, 50], [5, 26, 29, 32, 35], [6, 9, 41, 52, 53], [0, 11, 28, 37, 45], [3, 20, 30, 34], [8, 21, 24, 36, 38, 51, 58], [7, 14, 23, 40, 43], [27, 44, 49], [16, 25, 33, 55, 56, 57, 59], [1, 10, 13, 31, 42]]]
[Done] exited with code=0 in 18720.214 seconds



###################################################################################################
Arquivo 9
Inicial =  [5552, [[1, 8, 37, 50, 53, 56], [14, 22, 29, 34, 46, 51], [10, 17, 28, 32, 40, 43], [5, 12, 15, 24, 30], [2, 16, 23, 45, 52, 57], [6, 13, 31, 39], [7, 33, 48], [11, 20, 25, 44, 49, 55, 59], [27, 41, 54, 58], [0, 3, 21]]]

Melhor_Melhor =  [10200, [[0, 8, 32, 39, 44, 49, 51, 52, 53], [12, 14, 16, 24, 27, 31], [22, 45, 57], [6, 10, 50], [5, 19, 29, 54, 59], [9, 11, 17, 34, 40, 43, 46, 55], [4, 23, 38, 41], [25, 26, 28, 42], [2, 20, 21, 36, 47], [1, 13, 30, 35, 37]]]

Resultado Final = [10183, [[0, 8, 31, 32, 44, 49, 51, 52, 53], [14, 21, 35], [1, 5, 12, 13, 29, 30, 37], [25, 26, 28, 47], [22, 45, 57], [9, 11, 17, 34, 40, 43, 46, 55], [4, 16, 24, 27, 38], [2, 20, 23, 33, 36, 39], [6, 10, 50], [19, 42, 54, 59]]] 

Tempo de execucao =  15995.180485486984 s



###################################################################################################
Arquivo 10
Inicial =  [6177, [[8, 37, 56], [13, 29, 32, 33, 36, 45, 57], [9, 16, 39, 42, 51, 55], [4, 14, 15, 22, 24, 27], [23, 31, 34, 46, 58], [7, 35, 41, 54, 59], [1, 3, 10, 38, 48], [11, 12, 26, 28], [5, 17, 47, 49], [21, 52, 53]]]

Melhor_Melhor =  [11539, [[8, 26, 50], [3, 16, 24, 27, 28, 32, 36, 49, 51, 55], [6, 12, 30, 40], [7, 25, 31, 44], [18, 46, 47, 58], [17, 29, 37, 43, 48], [2, 4, 13, 42, 59], [10, 11, 14, 23, 41, 57], [0, 21, 35, 56], [9, 15, 20, 33, 34, 38, 53, 54]]]

Resultado Final = [11446, [[4, 21, 44, 56], [3, 16, 24, 27, 28, 32, 36, 49, 51, 55], [12, 17, 25, 31], [6, 13, 22, 30], [18, 46, 47, 58], [0, 35, 37, 43, 48], [2, 7, 29, 42, 59], [10, 11, 14, 23, 41, 57], [8, 26, 50], [9, 15, 20, 33, 34, 38, 53, 54]]] 

Tempo de execucao =  15432.797595739365 s




